558
2965
4153
208
3954
2103
3076
1322
4906
94
4535
4136
2107
800
2189
418
4889
66
1045
4192
3229
2132
1736
734
2618
3294
790
3048
3231
474
606
2565
1053
4671
1491
540
470
601
2944
279
1469
2098
3917
1756
1056
2349
581
2821
2928
4604
561
4781
1197
901
2654
3583
2471
2722
3797
3362
98
3432
3279
1549
2302
1131
659
3626
1165
2396
2287
4440
289
4110
2454
2087
4298
2514
696
4908
2765
335
2096
791
1309
4837
3530
4216
2340
505
4240
1254
4515
3301
3392
334
4401
4184
3998
1844
953
73
2886
1079
830
2075
2275
3726
1930
4161
1188
2186
1718
2456
3436
1093
2062
2360
3766
855
4255
3698
4693
4991
1419
193
3220
2738
2140
1476
2412
900
4297
4076
3026
1632
271
894
630
4126
2813
451
1973
2005
2342
2334
1703
4676
230
1212
4388
265
1329
617
1518
875
2719
3796
1463
3521
934
4745
3444
587
4807
1506
1983
1559
4882
206
2484
4912
1461
3857
3013
361
3603
3393
4598
2791
4287
2496
4942
1233
1396
2749
4096
1246
2447
4760
4148
2642
2419
387
135
3802
3469
1774
2229
1547
591
2498
3321
824
2834
1139
1638
2499
4017
432
1607
2569
2116
2120
3586
4073
440
1544
1345
236
687
4438
1948
1985
4910
4938
4858
4627
2358
394
1537
1253
33
2368
3441
2095
4345
566
889
3141
255
3894
2235
614
4701
2546
2161
3906
4457
4539
1623
4953
4344
3027
3544
743
2260
4996
1217
381
4749
4666
4619
2617
232
1232
1737
3893
4372
87
1068
2402
2465
1742
1315
3018
4534
766
4086
142
102
4737
3331
3194
3704
4892
542
1787
3933
2855
2912
4608
2907
1010
816
1829
2221
4039
4263
2908
4420
3092
4568
4958
2362
2635
2039
3403
3113
176
2165
4309
4786
3057
2288
2331
2726
3012
3953
3139
987
2125
4491
1091
2901
1471
712
2641
1992
1228
600
2056
1279
2133
4118
812
1376
2453
489
1709
4605
2383
3009
4314
1517
4253
4893
4585
1947
2997
2174
1177
4131
3483
1761
993
726
2648
351
3949
4514
4419
331
2943
2493
2284
431
23
3317
4050
1244
1415
3517
274
1888
1591
758
1108
844
4264
741
2826
3128
3747
4972
4552
386
347
2814
2378
4030
3351
2337
2671
3637
2054
2202
4877
1862
710
3865
2755
1532
3352
1063
3870
4159
647
3503
3151
2994
2109
1974
3785
3701
4230
962
368
2529
1256
3808
1417
2918
3898
296
3573
2394
1356
4990
3138
576
700
764
4143
3288
1698
3535
621
2267
2681
1764
1790
693
3554
292
2933
4720
1786
2182
1069
4537
507
2624
521
1913
2381
426
2023
3671
1722
1484
2958
1874
4510
1582
4370
4755
4673
4549
1977
2628
3345
1901
1732
3682
4226
3192
372
4744
3176
2577
2283
4567
4191
1477
1816
1561
1896
2155
836
119
4487
631
2747
251
3402
677
3921
592
244
490
2369
4013
555
3481
1024
3052
2554
2043
827
4331
801
3153
1692
2595
996
2541
4032
246
243
3680
1238
4070
3965
3975
1949
1187
4920
4663
527
2495
3871
3912
3846
1895
113
1873
4187
196
3947
1127
4688
1610
596
2549
1184
485
4876
2282
2292
3527
2570
4425
3806
1200
373
4113
2022
1097
4863
3590
618
3977
2866
3534
2957
1898
1386
2203
2509
3761
1391
3170
1432
311
683
30
872
1655
2982
2494
3656
2567
3065
3858
1730
4273
2725
3712
367
1120
2126
1571
3813
1446
1865
1008
2792
4293
3864
2843
3546
831
1892
4898
632
2656
3355
3598
3579
1102
4124
3989
4472
3440
4214
4548
3538
1927
1573
3184
3832
4509
2598
3417
1199
1300
3487
2122
1760
1570
2390
2560
1812
3581
2519
4149
188
3174
978
673
1482
1962
2405
4434
2911
963
2983
3022
2452
2910
4797
955
4129
4545
1555
1226
442
2207
4147
553
719
3360
2047
3054
1908
2604
662
4338
787
467
2785
4403
1796
4279
4771
1539
3465
1565
4386
3117
1207
2909
3038
2279
3602
1995
4029
3958
3078
2608
2441
1237
4974
2277
961
1021
1407
107
2192
1649
797
99
2123
669
3122
1541
4714
653
4556
3394
1194
209
359
4185
3211
3722
1910
4220
3803
1185
41
3315
97
4354
2895
3595
2089
686
2261
3620
103
2995
3729
4369
1554
4484
147
3055
3426
3077
2344
2822
4042
785
4043
178
2542
4072
1746
2651
1860
4374
4726
2469
745
940
2796
4718
3061
2084
4207
4317
1418
2322
3164
3372
4640
4248
724
1260
3616
3718
3903
2780
1289
1863
3019
2001
777
4940
2590
4347
2462
225
3856
705
1818
2220
2934
939
4283
12
3249
4179
2273
3222
3886
3570
652
2521
455
487
4926
748
3277
2008
85
2281
2316
2658
3156
1584
815
3234
3777
308
1791
2488
3716
2798
3931
4842
3456
1593
4883
330
4315
3767
2667
2600
3664
245
3819
3995
4904
2566
1597
4648
3081
4097
1239
4064
2837
974
2034
2662
3941
3244
4757
4088
252
3354
3572
4210
2706
1030
58
4068
2781
2147
3221
1545
4257
1984
1272
2204
4553
1372
2406
2468
1020
322
4461
2619
2631
1614
548
234
76
4933
2905
2121
1283
57
3165
1075
1176
104
2300
336
2652
75
1640
4026
4359
1782
2815
4439
2735
3152
1371
4387
4144
1569
4492
3205
2171
1450
371
81
3625
1933
4967
2421
434
789
3650
3438
4367
4984
2961
1704
3515
65
3768
3240
483
803
2865
4809
2389
1447
2692
4046
4276
1958
851
3996
3744
4513
1012
556
4231
2257
2797
4846
3686
1048
4121
1072
2486
312
1152
2444
3679
2466
1288
3322
4471
2371
1132
4454
287
2194
3479
1690
4342
3567
2705
3361
4447
4404
25
4357
4818
1016
1163
1877
1979
1229
1743
532
3844
281
327
4792
133
3347
4589
4430
3789
1151
2731
4146
3447
1361
4674
1668
4776
